0.0 0.375 0
0.0 -0.375 0
0.0 -1.145 0
0.0 -1.895 0
0.15 0.375 0
0.15 -0.375 0
0.15 -1.145 0
0.15 -1.895 0
0.3 0.375 0
0.3 -0.375 0
0.3 -1.145 0
0.3 -1.895 0
0.45 0.375 0
0.45 -0.375 0
0.45 -1.145 0
0.45 -1.895 0
0.6 0.355 0
0.6 -0.365 0
0.6 -1.185 0
0.6 -1.885 0
0.75 0.355 0
0.75 -0.395 0
0.75 -1.165 0
0.75 -1.915 0
0.9 0.335 0
0.9 -0.415 0
0.9 -1.185 0
0.9 -1.935 0
1.05 0.315 0
1.05 -0.435 0
1.05 -1.205 0
1.05 -1.955 0
1.2 0.285 0
1.2 -0.465 0
1.2 -1.235 0
1.2 -1.985 0
1.35 0.255 0
1.35 -0.495 0
1.35 -1.265 0
1.35 -1.915 0
1.5 0.225 0
1.5 -0.525 0
1.5 -1.295 0
1.5 -2.045 0
1.65 0.205 0
1.65 -0.545 0
1.65 -1.315 0
1.65 -2.065 0
1.8 0.165 0
1.8 -0.585 0
1.8 -1.355 0
1.8 -2.105 0
1.95 0.115 0
1.95 -0.635 0
1.95 -1.405 0
1.95 -2.155 0
2.1 0.065 0
2.1 -0.685 0
2.1 -1.455 0
2.1 -2.205 0
2.25 0.015 0
2.25 -0.735 0
2.25 -1.505 0
2.25 -2.255 0
2.4 -0.035 0
2.4 -0.785 0
2.4 -1.555 0
2.4 -2.305 0
2.55 -0.085 0
2.55 -0.835 0
2.55 -1.605 0
2.55 -2.355 0
2.7 -0.135 0
2.7 -0.885 0
2.7 -1.655 0
2.7 -2.405 0
2.85 -0.185 0
2.85 -0.935 0
2.85 -1.705 0
2.85 -2.455 0
3.0 -0.235 0
3.0 -0.985 0
3.0 -1.755 0
3.0 -2.505 0
