0.0 0.375 0
0.0 -0.375 0
0.0 -1.145 0
0.0 -1.895 0
0.15 0.375 0
0.15 -0.375 0
0.15 -1.145 0
0.15 -1.895 0
0.3 0.375 0
0.3 -0.375 0
0.3 -1.145 0
0.3 -1.895 0
0.45 0.375 0
0.45 -0.375 0
0.45 -1.145 0
0.45 -1.895 0
0.6 0.375 0
0.6 -0.375 0
0.6 -1.145 0
0.6 -1.895 0
0.75 0.375 0
0.75 -0.375 0
0.75 -1.145 0
0.75 -1.895 0
0.9 0.375 0
0.9 -0.375 0
0.9 -1.145 0
0.9 -1.895 0
1.05 0.375 0
1.05 -0.375 0
1.05 -1.145 0
1.05 -1.895 0
1.2 0.375 0
1.2 -0.375 0
1.2 -1.145 0
1.2 -1.895 0
1.35 0.375 0
1.35 -0.375 0
1.35 -1.145 0
1.35 -1.895 0
1.5 0.375 0
1.5 -0.375 0
1.5 -1.145 0
1.5 -1.895 0
1.65 0.375 0
1.65 -0.375 0
1.65 -1.145 0
1.65 -1.895 0
1.8 0.375 0
1.8 -0.375 0
1.8 -1.145 0
1.8 -1.895 0
1.95 0.375 0
1.95 -0.375 0
1.95 -1.145 0
1.95 -1.895 0
2.1 0.375 0
2.1 -0.375 0
2.1 -1.145 0
2.1 -1.895 0
2.25 0.375 0
2.25 -0.375 0
2.25 -1.145 0
2.25 -1.895 0
2.4 0.375 0
2.4 -0.375 0
2.4 -1.145 0
2.4 -1.895 0
2.55 0.375 0
2.55 -0.375 0
2.55 -1.145 0
2.55 -1.895 0
2.7 0.375 0
2.7 -0.375 0
2.7 -1.145 0
2.7 -1.895 0
2.85 0.375 0
2.85 -0.375 0
2.85 -1.145 0
2.85 -1.895 0
3.0 0.375 0
3.0 -0.375 0
3.0 -1.145 0
3.0 -1.895 0
